on: {0xEF00: 0xFC03}
off: {0xEF00: 0xFD02}
RED: {0xEF00: 0xFB04}
GREEN: {0xEF00: 0xFA05}
BLUE: {0xEF00: 0xF906}
ORANGE: {0xEF00: 0xF708}
YELLOW: {0xEF00: 0xEB14}
AQUA: {0xEF00: 0xEE11}
PURPLE: {0xEF00: 0xF10E}
PINK: {0xEF00: 0xE916}
FLASH: {0xEF00: 0xF40B}
STROBE: {0xEF00: 0xF00F}

static const uint16_t RAW_RED[] = {
9000, 4500, 560, 560, 560, 560, 560, 560, 560, 560, 560, 560, 560, 560, 560, 560, 560, 1690, 560, 1690, 560, 1690, 560, 1690, 560,
1690, 560, 1690, 560, 1690, 560, 1690, 560, 560, 560, 560, 560, 560, 560, 560, 560, 560, 560, 560, 560, 1690, 560, 560, 560, 1
690,560, 1690, 560, 560, 560, 1690, 560, 1690, 560, 1690, 560, 1690, 560, 1690, 560

static const uint16_t RAW_GREENE] = {
9000, 4500, 560, 560, 560, 560, 560, 560, 560, 560, 560, 560, 560, 560, 560, 560, 560, 1690, 560, 1690, 560, 1690, 560, 1690, 560, 1690, 560, 1690, 560, 1690, 560, 1690, 560, 560, 560, 560, 560, 560, 560, 560, 560, 560, 560, 560, 560, 1690, 560, 1690, 560,
560,560, 1690,560, 1690, 560, 560, 560, 1690, 560, 1690, 560, 1690, 560, 1690, 560, 1690, 560

static const uint16_t RAW_BLUEL] = {
9000, 4500, 560, 560, 560, 560, 560, 560, 560, 560, 560, 560, 560, 560, 560, 560, 560, 1690, 560, 1690, 560, 1690, 560, 1690, 560,1690,
560, 1690, 560, 560, 560, 1690, 560, 1690, 560, 1690, 560, 1690, 560, 1690, 560, 1690, 560
1690,560,
560,1690,560
1690, 560, 560, 560, 560, 560, 560, 560, 560, 560, 560, 560, 560, 1690, 560,
560,560, 1690,
}; 

static const uint16_t RAW_ORANGE[] = {
9000, 4500, 560, 560, 560, 560, 560, 560, 560, 560, 560, 560, 560, 560, 560, 560, 560, 1690, 560, 1690, 560, 1690, 560, 1690, 560, 1690, 560, 1690, 560, 1690, 560, 1690, 560, 560, 560, 560, 560, 560, 560, 560, 560, 560, 560, 560, 1690, 560, 1690, 560, 1690
,560,1690, 560, 560, 560, 560, 560, 1690, 560, 1690, 560, 1690, 560, 1690, 560, 1690, 560, 1690, 560

static const uint16_t RAW_YELLOW[] = {
9000, 4500,560,560,560, 560, 560, 560, 560, 560, 560, 560, 560, 560, 560, 560, 560, 1690, 560, 1690, 560, 1690, 560, 1690, 560, 1690, 560, 1690,
560
1690,560, 1690,560,560, 560, 560, 560, 560, 560, 560, 560, 560, 560,
560,560, 1690, 560, 1690, 560,
560, 560, 1690, 560, 560, 560, 1690, 560, 560, 560, 1690, 560, 1690, 560, 1690, 560, 1690, 560

static const uint16_t RAW_AQUAL] = {
9000, 4500, 560, 560, 560, 560, 560, 560, 560, 560, 560, 560, 560, 560, 560, 560, 560, 1690, 560, 1690, 560, 1690, 560, 1690, 560, 1690, 560,1690
560, 1690, 560, 1690, 560, 1690, 560, 1690, 560, 1690, 560, 1690, 560, 1690, 560, 1690, 560
560, 1690, 560, 1690, 560, 560, 560, 560, 560, 560, 560, 560, 560, 560, 560, 560, 1690, 560, 560, 560, 560, 5
}:

